0
0.7824491982738496	0.43174028707984546	2.9711227255569783
1.2035607779928876	0.5647186053470403	-0.28594036793996547
0.9735402280173243	0.9208906962345385	1.4601227506384595
1.2071230991620432	0.8931472127751396	2.5752299695168652
0.9809802552471442	0.1356341212046117	1.6310802542524707
1.1651525870553754	0.10240474119026832	0.5766991323084791
0.9027567731169582	0.7895039464568683	1.730542084128655
0.5362512754265334	0.11853244514325567	1.9168089078774735
1.1092001106733584	1.0254074815048417	1.2445159372148793
0.6965043070473939	0.2368470539704275	1.0149947999621747
0.5826581959702326	-0.049407050476462544	1.332013984079119
1.0446668056700041	1.921748439281096	0.3102241434047863
-1.6228364259326753	0.6268611423277688	0.3568787555142635
0.7094305832838186	-0.6867373508983399	2.0819616932419223
3.026939368428362	1.654746842658544	0.5940756250305294
1.3835005621490766	-0.4510592757728076	0.2555367334706128
1.247244459905476	1.7194085585341234	1.4167099415803075
1.1315104173358037	-0.7818468733127526	-0.4643819267520606
-0.12611516525442368	1.0763953124555046	1.9929157586728916
-0.25042286670217084	0.24251962886677703	-0.21571305081763215
0.6451355033174523	1.137568907468638	-0.5280812052790054
0.45403774852927903	1.3146549904068991	1.657119671277789
2.181968225863473	-1.2463644214249077	1.3264818709527149
-0.21138940846211463	0.5799819173086613	1.597542247258943
-0.7894105869663057	1.6169954665562085	-0.0652841412584464
1.113928071677496	0.12517021718337717	0.8382207195085761
0.7950942609707987	1.403782502939188	2.387260103311047
0.9977994382566168	2.358754637579575	1.4463736469674169
-0.25625243479561166	2.7577434031328267	-0.2940214399242169
1.3005888759514816	-0.5401630603637102	1.6699445196800793
2.0396194054590926	1.6278991705310313	0.8589503591040347
1.3516940542000375	1.2318410664619421	2.4438012246160365
-0.4856176957289251	1.5353804469021286	0.899798640376041
1.663494931255141	-1.045433868891826	0.7524819022141078
1.8097036176679173	-0.7227224561475643	1.4973135629480696
1.4491627241741996	1.8882176446553258	1.0918954629216537
0.5772326529495713	0.7814848048976697	0.010793439756785594
1.9745083794398492	1.5686479510071798	0.5769096723843212
2.145754503832066	1.311231558967597	1.7168287129945483
-0.19193296568660534	-0.3154235133055381	0.9781203993227842
2.5620619373689744	1.0451799965060884	-0.8001725615622131
-0.7589599535091585	3.5958546912541207	2.563214677612845
1.5194818252153541	0.999601089840899	2.1654257859606054
-0.1826746520124476	0.9819228053018897	1.193979775827381
1.6633429532224873	0.44106825404137007	2.470188747366934
1.20407033449474	-0.5300533962102598	1.0651697904595727
-0.44957588217774314	0.6253141046446711	2.6704178673488204
0.9331552591967864	-0.1835099157313993	1.0998787373113816
1.1584108947775558	1.9336618267966714	2.2933101040009714
-0.5242057285726152	2.880857842837565	0.19879135184529684
1.6002489810993412	2.8015834593325843	0.18758606088994667
1.220918060580109	0.7080832635157784	0.916102983830173
0.06275059965118313	3.098834050974726	1.193200660538565
-0.6307318107847728	2.82057988690546	0.9324313674093473
0.15453640649710743	0.2832247865926718	2.1960261220289476
1.2327456572864468	-0.11655274448831188	1.5063526644226233
1.2494048529244985	-0.10716511930249162	2.0971829894380294
0.928544355309973	0.49518501513979374	1.001567893710881
1.7527150443194017	0.044427640999602835	0.6703205251224111
1.4759078913759016	0.8562926102190267	1.3669144998084168
1.8475960855496547	0.34677796286531914	1.0155044344208999
2.4845034763370775	1.464334714236879	1.5952468142837781
-0.43405239447910193	0.6875028347755536	0.9526921924519225
-0.15145461203434563	1.0839848413597355	3.137140810583636
2.12554836774327	2.361594924432444	-0.25768069326429255
1.5232978242860309	0.6990464473362192	-1.1599280425103333
2.0892548711453474	3.7888055972297474	1.4400518005300993
1.1225133375755845	1.3134496071120858	0.27501718984004575
1.2111638787203411	0.07052307941728442	2.434616029562494
0.4469827822161687	0.7936338906961731	1.034148932033278
0.18164255382952998	1.5964916553348845	-0.5481154182509587
2.765090148108457	1.7130834656025087	0.7264589764486502
1.6072888446694455	2.33639870035073	0.7525918367732088
0.6298524930761975	1.2357403716845736	0.06623357492948068
0.916758746261734	2.103474441737511	-0.5025260439725641
2.2227089906697746	1.7229839840319832	2.1589712664361405
-0.08206512805361355	2.2955483014820413	0.8813778092334005
-0.8384410322154907	1.3304472202243238	1.95349632759976
2.0291950668904795	1.3012388972315219	1.451473884343591
0.7125943837298793	0.5927438950000867	1.1153544066933072
0.9317860017387257	1.9834137109262646	0.38438483047017735
1.5321132384663247	1.067468271939853	0.7548487530544221
1.8525352490745712	0.06306119901973228	0.7813347521567561
1.4986015945116211	1.8775663275311079	0.19806658584188253
2.0863330222126266	0.07304854303129782	0.7600027954445084
-0.011263010393223638	0.7017462776285914	0.6431927164164736
0.6970792392587554	1.8782607020961648	0.21404514567466137
-0.2965067010889746	2.1434246959493994	1.5088543676916226
1.6760959319473754	0.5318473455223528	1.2027848329614048
1.4503521001391286	2.1264384262841216	1.5456614335201664
0.3837562404979463	1.4195361815662888	0.23793974104748383
2.2985011074234527	1.2842892287527463	1.712706675951545
1.768903848190707	0.22073272049056492	1.0253160164779354
0.8769366162937787	1.899242588129972	0.5001495760612593
1.0180679097953986	0.7905551304924966	1.1326704471271096
1.1835464639004971	-0.7308199725716313	1.5967321703239812
1.5970550553125515	0.33981228926231455	0.48195668414066706
0.6163993648063324	1.4642179690585415	0.9569815649533432
2.9024747792809187	0.547937207257396	0.7767649066646394
-0.00047534922594705264	0.26711978640642076	0.07744119566300334
1
3.382832265937215	4.554612476573825	2.967264541244939
1.4576353360605503	2.000176133204831	3.7412263521735434
3.168855558941425	2.0805843578435264	2.538699603039173
0.8732814853807445	2.683938316911741	6.003577050920542
2.1431528278180245	2.3737899366503123	2.972260396649045
4.358688832347848	1.110695164799322	4.024666008527618
4.016496376406582	2.115149796835689	4.43448083784457
4.9669588051796865	2.9525831233070843	-1.2713107669065336
3.382143700113207	0.3549021815766058	2.96235554085968
7.055629267861916	-0.001271670339276998	-0.014631005271487307
1.3383668964161448	4.067548738245124	7.9219931054019455
2.2282609592623084	3.0244860992594744	2.315050435744324
6.485439729213185	3.7473587669987367	0.44341822078266446
2.7057509399129844	3.1742142543266696	2.9143595613041473
2.601119185563931	3.626628547527506	0.18543721033869742
2.6554041544671616	2.3398912308142066	1.1721827754786012
2.5292299187722667	3.1769523810079447	5.07934433127522
2.617884664320911	8.2476825746873	2.4697494492232632
5.240406580827839	4.377706743137099	5.331081647789912
3.932153749863279	1.5518588388426593	1.4065291750576643
3.592139185729917	1.4968288387071274	-0.12627486450349634
7.040075205320213	2.0000418746142348	1.49841201116941
5.427259590717323	4.426995781003211	2.496565032316772
0.823381459817683	0.8687755621318343	7.520144291632907
3.7222886312036856	1.254019247459273	0.28847432774621407
4.305475704037244	3.2023980882072802	0.2257855061650007
3.0534110687099068	3.6105133903945585	3.612480663677255
4.723093166433807	2.7808716045016975	2.4125761068559894
2.109226424464256	0.855572233927941	5.898633423657071
5.500766431622837	0.42104903480151634	1.6567106750592042
4.148702630254991	2.477367209053178	0.6934395106497613
1.6789126367684677	1.5080622903049732	0.2461045541421938
3.384669529153942	4.857319483354425	3.352570632189648
4.474837233730509	3.6725884735531253	-0.4605541408191347
2.6605060068623265	4.826368871369707	0.4749599550221082
0.21189738827390592	4.260946325617407	-0.9936060378627358
5.762458436685751	2.271537117320466	-1.0830374104887532
3.8809123036565776	1.1859895924682557	1.3070312393107257
4.823125047760202	5.677408834696468	2.0807158044358536
0.7598357109474776	5.1183984004577745	4.183457526867876
1.702888237502287	5.1877067546884605	1.9006970295082635
3.9087151721119557	0.5390907113226402	2.1648809498843224
3.7194683907657673	4.863012484871244	2.3382683449104746
4.735472087709532	1.8774534147844393	2.983782629649617
2.18564037181372	3.453782579755736	4.433883356464376
1.7281453471371544	5.721896330684164	0.28099331205560496
1.7969702433922472	-0.19488617114124018	2.433476995343416
3.0818904108692764	1.0850279462770396	3.5235373003552746
4.377847421193498	0.6324285420182152	2.8139954511241774
3.122950266584667	-0.26623981494788884	2.5243847491110394
5.911091806846942	4.880156835157267	5.012576448917233
0.5731167360526621	3.109237677870252	2.306359646264238
4.067826461385565	2.0304277569470486	-0.5148947412267555
3.678467334842715	4.67241642520197	1.7745600015541871
3.615682959049444	1.8673378687681217	-0.4412678663574927
3.729214126008541	3.0765650120915398	0.04924698187553833
3.5817516705774266	5.346623196289627	2.7671694241747415
2.8448435842350013	2.3622610781468616	1.4112718720431956
4.278465817421123	1.9490220693025238	0.6251022996572622
0.5811164220593366	4.493634190881304	3.316516966980471
3.6513113223838234	3.3381061803063656	5.072837400414731
2.8553775009869415	1.1546523263092587	7.592513160149553
4.729100367009789	2.2393813068025787	0.12130884693701072
4.620086779239847	2.161207238091496	2.808394921200277
4.834989590183295	1.5987930595031026	1.6651709464676272
0.555940213918471	0.7969475185210344	3.9758384851596604
2.9031144048126243	5.93429769574267	4.2325683812269785
3.1080651545422255	2.368910939564553	5.466860588248474
1.8474685397229107	2.911841876118855	4.720282361412028
2.273345529152588	3.613501146088542	1.8213352733884471
3.0897127061733767	6.103793830245219	2.8714762317616254
3.755291581106013	4.550304620992303	5.513204663416072
1.640497581592642	2.4555614160586137	3.059243046297367
4.111835692110175	4.169922992373636	3.9484818300252265
3.9522024119792767	4.52933062263598	2.2212407345552245
5.53435919690805	6.284356561963441	1.863938583634093
2.173880873733418	5.063649129783201	2.3448904807437847
1.6252127129754168	2.7888341493253748	1.2434055079569963
1.58239799772585	6.124895366438343	3.166532626904058
3.626810440855876	5.5995272230074296	7.7531848812408395
1.633563733407641	4.721965797233665	5.516572504384928
3.090981110626857	1.6629498495440915	2.295696066255889
4.726437791186152	5.131777978514995	2.2570377433212
0.730058827653528	0.7816664787874545	0.45963694542370304
2.85753986833438	0.8779071942595484	4.867719811472348
1.9605181877442168	2.44938730824684	2.613260981278418
1.8634844340924903	3.755592160437811	3.3927918545186313
2.1281690494941143	2.3082134104193752	0.48074740033074015
2.6171494083240363	4.377279967392448	-0.4971852309295488
4.03414455122201	3.194105137332224	0.7558107825423219
0.7726953793520162	0.7433050717875118	4.429829245937601
4.102208831441333	2.745841035648711	-0.5509409082469183
-0.271276461043819	1.1347344323449307	1.7593241699820967
3.981384958854057	0.921998012620072	-0.26345628636613583
2.119645071873174	3.182369306789425	0.8332975456399758
2.936324689070464	5.552283980039643	1.3130061533634492
2.605789072213292	2.470448871240292	1.8624155465638614
3.9149993336228666	2.73557416315378	4.653074284978742
3.14850628067003	2.2170791695714755	2.7422006608730656
5.051910469768888	1.9183757308076765	7.652801701667713
2
6.7964465427957625	7.253128842256078	5.598214408414202
9.040348565008445	4.348403765790773	6.196897347687656
11.037565013830129	4.5859956106080215	12.704893521541312
5.526560098268971	10.455844212658839	6.651444024400099
8.057061805883095	9.033395059496279	8.978016365705223
8.663667089154572	7.859478446164747	13.814762837930136
5.258278460199072	8.635029983704868	4.071766829098936
7.701858620302026	10.633444834373728	10.338966512512085
7.4264380153750755	9.851829302603184	2.4153064801832453
6.343795885155467	10.015618330967104	9.252581119089589
9.136612912815181	10.836130113936466	9.248028421923756
4.534862001234929	8.784358951261378	4.648192320953748
3.9300896917905876	13.821062238118063	4.799940456292414
3.5948048189883517	10.652105767190282	6.6065131804609205
4.804388191940506	9.202467773460809	8.305602379452734
7.577091602503616	13.68829316079469	10.128289549374905
3.07844107366235	7.882624949086348	9.800057595274053
3.7258179469528634	14.509593317929482	7.629479319704948
7.556979559684303	7.059822542025686	6.883510907327514
7.07853254310348	4.363295587036067	13.145834931905178
4.517250576258363	5.852430595854942	7.236594187505191
7.863370741669496	9.460253981722527	8.541330231768308
9.362818844969725	5.879792874229048	12.902006055068076
7.57050205148056	2.3717837013032206	6.299938700485373
4.81111132614492	9.006837901168948	5.700149057220768
2.2010679079418294	7.99025737517698	11.361175260549771
7.473547641981445	7.87411294084809	10.363079811141862
7.19897888305052	11.867715196855723	3.55496831553953
8.558319798270198	3.384467106721786	7.337446267256404
5.691849518750489	5.510765874828204	4.3769363387737
9.744529945620776	3.859106143719707	12.165683941055427
4.65527799939262	7.623180667129888	7.972888579908277
0.44637845801055764	8.03810535706882	3.821469866378397
8.471193162053307	9.49617675937797	11.621592572727337
11.714637485196445	5.783993134866181	14.281043691879955
4.045054595764229	9.303592870714626	12.333854576415556
8.901402646004858	9.983967789514299	8.20489981239843
7.7752106002780135	7.6509398405921925	5.238111046939566
8.655328450422823	10.36440909316507	6.822637316405711
6.418597766878376	9.615571418710104	7.027054170972905
7.554061631326645	8.871072111892282	6.558012013230055
4.418332894607734	11.40781931904577	8.501370500082663
10.246119742759726	6.094524879697027	12.219766566927696
6.089881572632915	6.9687320960993935	10.534221449285388
6.101572394970873	7.7695914521764795	6.452488783442661
10.50322195653219	8.990955762294185	14.299700724796239
1.3565522445157203	7.770202592025951	9.40443602276479
6.157986710994059	5.718620600351221	5.978766620506096
11.857782652675056	6.632088615869742	10.422073702688614
8.5152737122019	7.113300662716643	7.217545271330736
6.686471971883077	9.654111702784661	8.367408150633615
5.467531845018356	4.874013471143828	8.63946802222456
10.379561279619551	8.20995031474786	5.772577201592506
11.157513294015459	14.595041250665531	4.906709195109611
6.789210281528491	1.525930323979983	8.954597827022544
14.089002422738314	5.314560332088639	9.4821894121019
5.548958539383186	7.402264573206914	10.51252579145156
6.756099888086879	9.015062038148688	6.257556368196742
11.017158900365397	5.604125077354931	8.748788289296687
13.369826645214845	7.15670910590011	7.80027397548565
6.716659482316425	11.84630664342328	12.821786774970917
9.218891473387792	6.12246128597979	4.673506659856819
9.059045012671515	10.056265759857826	5.832190724442564
8.388640655024	7.028368624989916	10.269085520611146
7.763501351386087	6.35793496754263	10.13082893878677
4.654989688502356	7.963197405046887	8.403326859135428
6.540290444478231	11.001132466824009	9.698100368854309
9.054847051500866	5.2229602418574235	10.294872078799512
9.43430400730097	9.271279830968844	4.73102576501867
7.090277965657954	10.463622217739251	5.95387487010522
5.76322014026448	9.45505268832362	7.831054284285269
9.018161488985086	12.410035875207935	5.748242764291608
3.8498730034711772	6.6697916469998955	9.099762107028557
5.782498990661677	6.053579361577823	8.232674466047033
5.363278403266613	8.540879106299906	7.717215740768044
6.110083725877398	7.273504212588133	15.927073452980666
8.536737273679433	7.139877863096048	6.304500503591023
9.877700966225323	10.164438259256913	13.15858931149158
1.928584298356852	11.693766270989048	6.098273783351754
11.178980700021228	6.802714885371408	8.632205276004376
7.057918210987923	2.7771006720589098	11.32081437346132
9.972431637580073	6.482043183368262	13.812261848701839
8.575634561641465	6.961733725050763	7.446399142741897
10.543616129566603	10.501331881066964	9.757174000772745
8.981222515662362	8.492188179891597	13.212397349625828
4.179626885494797	9.957112699603128	12.506155460178967
6.14865679965485	4.878803986668585	16.55617777687022
8.500530391111432	3.6831073996889385	12.389099555470374
4.015966583653492	3.9250987037102654	7.9816078354696245
6.913538159181897	9.044900836315428	2.107495890443383
5.815880142963602	4.033646737006061	13.352530181090307
9.51260494484579	6.607588441954819	4.123762518267454
5.264998804223522	13.229658100305095	10.362168977154326
2.392184966376335	6.95644525207325	10.178563101463391
6.553754371865032	7.441686270326153	7.362779520996205
4.851056486313004	8.380194533427572	7.799806095153722
2.6337673725875037	12.602528872447822	7.30107715727439
6.354898704017144	5.966044347335096	7.90866878857139
6.059389436188536	8.738274632766093	12.220630535872347
6.545130309412521	8.464157262942132	6.9830672850957205
