1:
 概率： [0.494375 0.505625] 
 中心：
 [[7.04378146 8.11445027 9.06403165]
 [1.72365823 1.78818073 1.76387357]] 
 方差：
 [[6.15669933 5.81943407 8.39677858]
 [2.44600991 2.65178552 3.08617376]]
_____________________________________
2:
 概率：[0.54214307 0.45785693] 
 中心：
 [[6.75746702 7.77767943 8.64236841]
 [1.50763299 1.52692938 1.50153683]]  
 方差：
 [[6.72187665 6.76003699 9.85695109]
 [1.90027703 1.8749611  2.2535663 ]]
_____________________________________
3:
 概率：[0.54214292 0.45785708] 
 中心：
 [[6.75746794 7.77768063 8.64236976]
 [1.50763366 1.52693004 1.50153761]]  
 方差：
 [[6.72187508 6.76003314 9.85694637]
 [1.90027828 1.87496258 2.2535686 ]]
_____________________________________
4:
 概率：[0.255625 0.254375 0.49    ] 
 中心：
 [[ 7.2361944   8.23001552 11.28716403]
 [ 6.67858518  7.81895386  6.54889792]
 [ 1.64321808  1.67956353  1.6770041 ]]  
 方差：
 [[6.35488953 5.88206121 3.38318853]
 [6.11178522 5.98437691 3.1150589 ]
 [2.19922626 2.27030128 2.83544921]]
 正确率：
[100, 9, 42]
[191, 100]
_____________________________________
5:
 概率：[0.19063218 0.30716485 0.50220296] 
 中心：
 [[2.90653722 2.91439997 2.99597159]
 [0.92767688 1.00918889 0.97959526]
 [6.99869404 8.06479599 8.96223979]]  
 方差：
 [[1.88811565 2.67756977 4.08583773]
 [1.00636117 0.91593082 0.92981827]
 [6.30905332 5.97131983 8.94613251]]
[98, 87, 100]
_____________________________________
6:
 概率：[0.502203   0.19063233 0.30716468] 
 中心：
 [[6.99869386 8.06479579 8.96223957]
 [2.90653591 2.91439855 2.99596976]
 [0.92767642 1.00918847 0.97959497]]  
 方差：
 [[6.30905355 5.97132026 8.94613294]
 [1.88811608 2.67756916 4.08583642]
 [1.00636062 0.91593016 0.92981775]]
[98, 87, 100]
_____________________________________