615 blue type1----------------------------------------------------
[-4.983729600885584, 2.9034740950444102]
[-4.352362778693004, 1.306055078152283]
[2.022658207364721, 0.6553438076563116]
[7.519906980461146, 2.0791655497396033]
[0.8008556528073179, 1.5671365477513617]
[0.011366664598391307, -0.5777234082337726]
[-0.27877436657829024, 2.7390822564660655]
[5.095421575505518, -0.4316740497438114]
[0.5542816644198951, 1.0877304047435232]
[-4.124698584567084, 2.37297479208148]
[3.8538923013547484, 1.2053421949722958]
[0.10635355809556535, 0.33614779200936484]
[0.9604064499138194, 2.24614199199308]
[3.6850179735446957, -0.9182595834409237]
[0.8350668836632328, 1.4175706879390415]
[-1.7596892276581393, -0.24594059173430338]
[-2.432836504336113, -0.4023138450307078]
[2.099523831734456, 1.5742737995795113]
[0.006609336048152281, 0.707481955418675]
[7.082887644147408, 2.334124992665493]
[-4.0385466779654395, 2.002348079008831]
[-1.2601972040989522, 1.769622318024111]
[-2.000838998967321, 2.1242085505518036]
[2.156142753795405, 0.501593234190904]
[4.501202292604345, 1.4917499105879675]
[-7.004476593426713, -0.5444476208141911]
[3.9542181753194585, 0.6245034760200443]
[-0.17959018649938274, 1.0160400489902577]
[-1.4362102773069219, 1.8019794895252197]
[0.9176198761515554, -1.9108898406545811]
[0.5946468764906707, 1.133445813084911]
[-0.7332780307466884, -0.9883209364210772]
[0.03549625378893073, 0.9043986709474628]
[5.6861109830317496, 0.4690650421695155]
[3.3690054255414252, 1.5863275136613666]
[1.8925431545299822, 1.4318500848735354]
[-0.9001990553939938, 1.0359797132408093]
[2.937613747246224, 0.5919492989141975]
[1.2715763199735632, 1.0220422708321892]
[-0.3631256509390346, 2.4736888886208384]
[3.2700524217158917, 0.07599185339912884]
[2.607139833546624, -0.5091353433445214]
[-0.9548130825002341, -0.20965361711613517]
[0.5519643956584113, 0.4593741707092954]
[5.342747499329272, 0.1543412513797382]
[1.8226697530921727, -1.0489368185094716]
[-3.1914552185955998, 0.6021110269309655]
[-1.905212486205552, 1.8671757338243822]
[5.208369796066008, 2.839562380426038]
[-0.17246330275425437, 0.22553316758714625]
[7.9417386559468355, -1.0883352366928563]
[6.670175847720988, 2.5122288492713913]
[0.228403834245701, 1.168434079937705]
[0.9545382068946686, 0.15009711651980817]
[2.010206164573681, 1.1437424405984333]
[3.3112632123822063, 0.5300692671912806]
[-2.9534188337320693, 1.0151131149504198]
[-1.0009505042254254, 1.617257436941586]
[1.7927361785803897, 0.1543134306881505]
[-0.16261424131632607, 1.7209504287444344]
[0.9916549592578684, 1.3419726215040206]
[-1.096728418588865, 1.9001878412858904]
[1.4658832915062987, 1.265516459966286]
[-3.6685560397716124, 0.4932694322515092]
[4.552969808035791, 2.773304907892662]
[4.651017105792321, 0.6493404415290391]
[4.699537179315728, 2.862583825848456]
[-3.650741090745769, 1.7529924933615209]
[-2.724458009498828, -0.6428350078719751]
[6.758722142358586, 1.228182834894727]
[-3.334755412491745, 2.2306687416840765]
[3.805708682251837, 0.8409246601028617]
[-5.805846461434343, 0.9737784719269763]
[-2.086069452928495, 2.0674207732927186]
[-3.360288205895144, 0.22920677028836756]
[-2.576784305697225, 2.2169806459714105]
[4.095076705398381, 1.105843551658432]
[5.1517701028024385, 2.1895057905213506]
[-0.225733093989535, 2.350835270507844]
[2.3779265949494013, -0.31534845652190446]
[3.485015965053939, 2.2653159115550543]
[2.4560689817805885, -0.05377031647980468]
[3.074026475618624, 0.6553478795749974]
[-2.6106967883256282, 1.4707059417396673]
[1.4822909270169518, 3.3454525115069336]
[4.271222170403236, -0.1689308588675038]
[1.530428172123361, 2.0788354305311776]
[1.5624196356339621, 0.45880447237070277]
[2.689328102819303, 1.2364099827822992]
[7.850743632550338, 0.9151130266927884]
[4.385618086889321, 2.5144379645981796]
[-4.255536092253494, 0.025563075490498965]
[9.313091607779779, 1.2612364525458966]
[2.058104051922065, 1.3960535829160776]
[4.9055164167432554, 1.3621664675317149]
[-2.2138541275321515, 0.9056232495683215]
[6.735698553109234, 2.0755887637823927]
[1.4144364778637155, 1.5613564260461912]
[2.738849676300534, 0.30332752722103806]
[0.85207556459906, 1.714348667456734]
[5.878862396007705, 2.7815720130191397]
[4.6637580218593016, 1.4845785563024751]
[5.9106924157401695, 1.1553398366783827]
[-0.39738919187919075, 1.0174899330631628]
[6.824006402641155, 0.9352670013803911]
[1.3838243207447407, 1.7730522631471972]
[0.9808966734896705, -0.08673017522388382]
[4.247015705349886, 1.4049389159350445]
[1.556532549580226, 0.15838055612555546]
[-1.4577341544164257, 2.9338105021950764]
[3.30519869131849, -0.6441007185982064]
[3.6774475243014124, 0.5288194042499101]
[-9.635822633091088, 1.1334793566668797]
[6.633909904015677, 1.4408518683224298]
[-4.396443321532729, 1.2187371963366251]
[-1.4020529668774375, 1.7421388114223464]
[4.6903517214834505, 1.5760858595882226]
[0.9099271694451421, 2.238569864773191]
[-1.896657857385339, 0.6059087220436177]
[-1.3642268083957627, 1.5185731161238993]
[0.46323672439215524, 2.4932434070560205]
[-7.5402325363152265, 2.201025362948267]
[1.4121069742178083, 0.7774688175760469]
[4.8819932076318295, -0.03644108436755911]
[-1.5027457108389397, 1.7108959508097925]
[2.1274059383297734, 1.1393649543375275]
[3.0455978667247385, 0.4249014400677741]
[1.1117341959785163, 2.871683386104303]
[-4.695452041453693, 1.23919931140653]
[0.23334732838113426, 1.3437366550317185]
[-2.108536358828107, -0.9127768652873653]
[-3.4111440395254498, -0.6489443672586623]
[-3.5681704917072397, 2.5841219508513187]
[2.722370577627551, 0.475323244376339]
[-0.3809710861248641, 3.0504124775266357]
[2.2283602023946747, 1.6076442038235892]
[-2.163472501551088, -0.9638866680239984]
[7.617050690674485, 1.4247409107435693]
[2.1545432454988083, 1.810510291953154]
[3.255974803173469, 2.275215350966833]
[-5.136139383900251, 1.0200908418840395]
[0.8207052551687742, 0.9275590216541523]
[8.001864739334376, -0.8273985690038914]
[3.4579879971011027, 0.7570597793096829]
[-1.2187781236166915, 0.9593584705844628]
[-0.8299396865270823, 1.8952218346737357]
[-3.061340268357955, 0.5563938244918007]
[-1.4185556531187204, 1.542117740560426]
[1.1241341625461667, 0.5033711582123954]
[2.5611618812094257, 2.8894000486359]
[2.845957373371171, 1.2848502766529788]
[5.64769930540101, 2.038889913799202]
[2.307809035240275, -0.09367646566189469]
[-1.0136896022505537, -0.23774041210182384]
[7.685870060484907, 0.8087405500478354]
[5.006095774006689, -0.24059732055506644]
[0.33469854828038414, 1.957753757152929]
[1.3438916528446214, 4.111016604096209]
[-3.829649462408897, 2.403601138850244]
[1.5136447314763686, 0.12443201479760035]
[1.3287998031717652, 1.3873376808646503]
[-2.2411712117394855, 2.5507740273359985]
[4.458430090556574, 1.3356865799526436]
[1.7265607911683267, 0.7809850974227667]
[0.8164680387286305, 2.2920898418863462]
[-1.0363059263394847, 2.3831369167067793]
[-1.4640848618494804, 2.1068530692407377]
[6.995723629979224, 0.6640999058228995]
[3.9623426975996208, 1.0638769760640985]
[-6.042148309680176, 2.9212997320451395]
[7.526028147269647, 0.5336728753784012]
[-4.274559517120697, 0.5913877039688284]
[-7.316339194542589, 1.2477650237602675]
[0.3669069558310081, 1.6279547123017593]
[-2.9489557271785682, 1.3400427600459983]
[7.038669070091714, 1.6058613237667299]
[1.9871513287458782, 1.4207700674074448]
[-2.5182018245901117, 2.2194869635218852]
[4.730172003529253, 1.3386853794821965]
[3.773794363591586, 0.21612825290229754]
[0.7301095676244345, 0.9945363548406156]
[1.665624570384511, 0.23048498504573023]
[-1.2417784797494829, 0.552280696181618]
[1.4972854084363107, 0.7586184339582254]
[2.132092706525693, -0.18028943316375012]
[-1.5667752889072717, 1.8112849478401798]
[3.9893973350280576, 0.19751111519820308]
[-1.9389299267482478, 1.3142393273469897]
[2.8718411051070833, 0.9584053931012682]
[4.828048967425328, 1.6891860463709205]
[6.932107410056118, 0.9640889950245896]
[3.1915393491445507, 1.6803667220548055]
[-2.3950960707809172, -0.519418166349088]
[1.3878810520888776, 0.2528275613089159]
[2.14744184977651, 0.4646008336913581]
[-3.3152068611732437, 2.600995963203359]
[0.9894038449735884, 1.4944727531441437]
[-0.8481793764304264, 0.2241608855565479]
[-1.8191224144309723, -1.207226552393141]
[2.1147356331187415, 1.3041733731486431]
[-4.924796259286167, 2.5963779787286416]
[-2.443076158219492, 1.3470769880500173]
[-2.0275392478933227, 1.316178967115359]
[-1.3621196621431433, 2.7085936227037566]
[6.213325143346949, 1.206998145630955]
[-4.547570930516898, 1.644574837286997]
[2.034855788927675, 0.6399965153549958]
[-0.9725881419839484, 1.9624291451451201]
[-1.6609077903219882, 0.5296095885209517]
[4.35198068617534, -0.9573267873926137]
[4.421970921715517, 2.060446238037094]
[-3.2243671723680665, 2.7196472583250726]
[-4.887126010177024, 2.8804080248768216]
[-5.383270393847298, 0.26524131632272885]
[5.857420198405577, 0.9936665446725402]
[-3.890938445706981, 0.5908047673282115]
[4.035622989056804, 1.2710145560548525]
[-4.261427746720329, 0.7707301409120096]
[-9.33522745171397, 1.9733755740410082]
[0.9208541419290904, 0.42619112754649013]
[-5.236218784598987, -1.5800095096600342]
[2.603382847510127, 0.45245327939920366]
[3.368142661538617, 2.0675801963703577]
[-0.4579026949745968, 0.8736913594751974]
[2.4152225850479985, 2.4146893761221584]
[2.735369637045906, 0.8840322400624209]
[1.2396788903716183, 0.14054412815494388]
[1.8644319168080168, 2.700027352714635]
[-1.7117081063602084, -0.06836268763219344]
[1.8764629841186051, 0.027544740474008567]
[0.6767235792745562, 0.6924925686648573]
[8.176608824477025, 0.8772734188749297]
[6.0028294401084255, -0.3496105184291787]
[-0.10709422302314309, 1.5521679010789804]
[-2.8964154930948602, 2.285016794512065]
[-8.660861780533473, 0.40768751454307217]
[-1.0452563127599754, 1.9742709659314808]
[-1.0293739619495956, 0.5690355945783556]
[0.20536262577846898, -1.1320912432013288]
[-1.18248836782681, 2.7564119444364588]
[1.8071145758875629, 3.5395893612708385]
[1.481905599250298, 2.26937759885205]
[1.0293459900261126, 0.186494298194134]
[5.877032862824429, 0.6368389282975211]
[3.1470932988427145, -0.17504343454449045]
[-1.1579440363481086, 1.6721817931340361]
[-0.1730899326908737, 0.316104081879084]
[3.2716950976116514, 1.5165610420832198]
[2.753050736416464, -0.2820255397794602]
[4.815847739718251, 0.8503418499652958]
[2.5586249708465614, 0.7009096749224344]
[3.0865523135303943, 1.8477060349323473]
[5.692838721929656, 0.6580888782481304]
[-2.336912314346726, 0.6181791795698752]
[7.693005661841046, 1.0545876953250912]
[-4.418529713212581, -0.9536707834656946]
[-4.313251117293626, 0.6518878841799471]
[-4.698263331295009, 0.8210867549627209]
[2.9922254853186705, 1.6540415974949507]
[-3.8932199838237844, 0.29801620344866886]
[4.068206291078618, -1.0879688263645924]
[5.787962345365244, 3.0125637486223136]
[2.471184172889606, 1.879532542234669]
[-1.2147271760181528, 1.6289590688937023]
[4.084100123394675, 0.9523804449085808]
[-5.316447953003977, 2.7364713132373275]
[0.08960262956884824, 0.049120080943099054]
[0.8605340466695994, 0.8179104478627499]
[-1.0223758427532244, -0.17169227304248458]
[0.6219345435256951, -1.2821375881296135]
[-1.0212341628231965, 0.051110661759601106]
[2.5564898790302255, 0.30260836982263506]
[-2.5326614055388514, 0.5408654237342174]
[-1.7806451370771859, 0.9494286430051172]
[-0.5312353610846559, 2.034206091176151]
[6.086847298923372, 1.1709875313356028]
[1.7696859474190276, 1.7281502718213901]
[-3.1961128033530377, 1.2053501385481433]
[0.2532958489137852, 1.6434622589773544]
[2.0972417035257895, 2.0810278516344187]
[-1.8447249271421229, 4.1425461442949505]
[1.8747922489488307, 1.4641426170213199]
[5.434091717916916, 1.043478831570294]
[2.933216341647924, 0.40089407942011357]
[0.4330999726839133, 0.5525904466570364]
[-1.4757483850135733, 1.2517028844076]
[-3.8630903160565486, 0.27144938259781526]
[1.7830834317443771, 0.6001998797389483]
[-0.7734979337427961, -0.08905766671943294]
[2.112580659090497, 2.9305327620356167]
[-3.6432977990484403, -0.10563275911214687]
[1.4816777972290496, 0.9381573981757985]
[0.18806289520471275, 2.261446116960596]
[-4.351808732341867, 1.457936729026755]
[2.273443668227837, 0.011045257176317769]
[-2.34758700633338, -1.4958405718786958]
[4.0967846154610505, 0.189896137697511]
[5.034684159523081, 2.5286459013115166]
[0.7344606954508143, 1.4591037425643403]
[0.2078735101804724, 1.591739238582885]
[-5.033563261707775, 2.4707137574378075]
[-0.8935362362612524, 0.9732046719348795]
[3.0426611229236586, 1.4947581127284137]
[0.041747658087656014, 0.12437009900129026]
[6.3456271051990125, 2.57639661656306]
[-1.6511643061369776, -0.28410441786822704]
[-3.3923125059696106, -0.27474540000438763]
[-2.231079490455273, 1.2980217555842153]
[-1.4798670104572387, 1.8730821950182635]
[1.4338467795719938, 0.3807062249463935]
[6.132686565615504, 1.3637983021135194]
[-4.5301348825412875, -0.03586392275405692]
[3.2325485690134306, -0.33849004867222554]
[-1.3915433283364913, -0.015750782461179114]
[0.7919810398086168, 0.42157372011944116]
[-0.4874874745412876, 1.22942098701692]
[1.1116710993265464, 2.2033965336569663]
[3.417356959290086, 0.46808131319433366]
[-0.9884649882199492, -0.044359480537439655]
[0.9737950924981168, 0.6159650132182924]
[-1.4791889438152173, 0.07978000964905785]
[-0.6861949527766082, 0.6614770483687709]
[1.685405675552425, 0.38904566740570423]
[1.829011600006252, 0.753170638076087]
[4.823077354865137, -0.2436233179673477]
[6.602034756336101, -0.4256526028003558]
[1.9468809895123855, -0.5787331078111613]
[0.12748648672352791, -0.12254798642509868]
[5.73239202475791, 0.7506241019218334]
[0.8157761903408949, 0.6926459756032518]
[0.6274917381516774, 1.6412432040027398]
[-1.1801686968914593, 1.1554328652943413]
[4.784753280928069, -0.393718429573932]
[-4.74591116256609, 1.1359103951753098]
[4.480728131165984, -0.3813158488352755]
[3.3684114206420657, 1.7575654121317024]
[6.497429241308909, 2.2705647091241694]
[5.272536510578961, 2.0226626596901194]
[6.086976587113731, 2.1740194515150613]
[-2.2085255572853972, 2.158268274666993]
[-3.990426237266526, 2.059150210824658]
[5.712956889875691, 2.147680141994165]
[-0.6139253843230892, -0.011453169727858814]
[2.8916494886686257, 0.810888751588118]
[3.2347481938151357, -0.07600572831791763]
[-1.091515810187452, 1.2882103748988551]
[-3.275102605130783, 1.053064116710384]
[1.513619887543816, -1.3148033636172314]
[-4.088864823568126, 3.0760003018794033]
[0.0891551588528765, 0.25092106067974607]
[1.1616729721501071, 2.2474023099197717]
[-5.665821791413053, 2.3919481686488355]
[2.874347495562739, 0.43543195080629815]
[-3.1990203916751065, 2.3793557291139082]
[3.349978711373305, -0.1060736391951922]
[2.1312357700677604, 1.064837181814539]
[1.1604045439194037, 0.765409657982482]
[3.865679256278997, 1.541306060677895]
[-4.1993199598764885, 1.2903555930345711]
[-1.655795003055616, 2.1405589678823462]
[-1.1264324272958226, -0.2219855764285421]
[2.7014883504374527, 2.1728311895838646]
[3.4756639232014006, 2.3028397678852195]
[6.191705288623203, -0.037006938198576256]
[-0.9502346473039227, 1.2364856446677945]
[2.0868428716116627, 1.4760830339948119]
[-2.605959758773498, 1.3282945141403766]
[-2.4285063280086137, 0.8993677355097822]
[0.5399461923109208, -0.6062467774445823]
[-0.42390098316797054, 0.6037621041603021]
[3.1387722413229016, 1.4919487071840987]
[-1.2074711078191505, 1.9547022801294633]
[7.290820064218285, 0.1585124887982231]
[0.15792429392728458, 1.6947339190379462]
[5.03736173004811, -0.5137318774364255]
[5.7493974005771165, 0.15254488023741652]
[-1.5891691964242285, 0.36221367667901405]
[6.368027430120519, 0.16382093429176325]
[5.654726005189857, 1.2850538234538247]
[-6.31141476227177, 1.460765874469788]
[-3.315347293112815, -1.2319251931102344]
[-0.5565937868908475, 1.2637355462282724]
[6.331775613031862, -0.6137362707822762]
[-3.1841143777444874, 2.032412681964318]
[-0.9077581778161232, -0.559875182005134]
[-1.3502722788217838, 0.5289118246928923]
[6.2057329171766815, 2.127738267966024]
[2.1004996370428195, 1.3514038065284137]
[-1.285164044311922, 0.6487122245531001]
[0.5464275383486973, 3.0235126100341256]
[4.477082700339462, 1.041354530325805]
[6.7930716880382835, -1.2713724089131273]
[4.698525238443262, 0.09572101869921301]
[1.5466257746772678, 0.7602931690279632]
[3.904163844614693, 0.36703244004863544]
[-1.9318816759643518, 1.4728865366498813]
[-1.1881010426967165, 1.2950848810710727]
[-0.2670189308061759, 0.017345952810692622]
[-0.4345637203354056, -0.14360048147236215]
[4.6179159375363, 2.002132955035558]
[3.7755282657600766, 0.271793841443251]
[-5.01726519218755, -0.5332385149688723]
[6.734232688120062, 0.8567391381640941]
[6.798868367476729, 2.3435484018508994]
[-4.6408655279436575, 0.6057435921986712]
[3.0950601410064227, 2.0405459751827735]
[-1.4289235729630012, -0.49731612923439683]
[-4.226047523904568, 0.966346960389397]
[1.4593133244261947, 1.0806147047399717]
[4.606542745807696, 3.1603849317215786]
[4.668055266751573, 1.6813272857972228]
[1.927723670520865, 0.7463171204136265]
[4.789113452670129, 1.8398385719693975]
[3.1290037109888598, 1.1861456711771856]
[-1.5940167122872908, 0.6870010883082625]
[1.5285472394882507, 1.5972993952151695]
[-4.463366954224396, 2.6133474541321258]
[2.4418751353542634, 0.9511336474217273]
[0.6903545894999961, 0.6193675528017213]
[-2.1078246337516053, 0.45509657796331526]
[-2.3487303245349143, 2.32869806937092]
[-1.0027935171690299, 0.35949735370503855]
[-1.1491672481950843, 1.7247387173815816]
[3.645484330203215, 1.3327305549174666]
[-1.7028859858546745, -1.3646690045655334]
[4.309263624866153, -0.5778805694631366]
[-2.866125391034351, 1.6973885338114962]
[1.374161086401996, 1.1442428317968174]
[2.1245789608436345, 1.9647571354805842]
[-1.1243285575796045, 1.3183916783811744]
[0.998499769975682, 1.6502474446117048]
[-5.24944506002984, 0.42405126647264]
[2.970147948169047, 1.280220684092975]
[-0.2826399930070371, -0.03640750782829594]
[0.4723107725999477, 0.33442427322976576]
[1.4021880617260896, 1.0988051802298455]
[0.1406306000657187, -0.3448031725332641]
[-2.1951963708038433, 1.0309522147879888]
[1.3729773238222682, 0.3757830070041963]
[-1.576168668542735, 2.3905304928713305]
[-3.7655103265963614, 1.4688337859504683]
[-4.9536863556146224, 0.15483449015443984]
[-3.942718310756888, -0.10599259592295152]
[-2.6688254644484575, 0.05832936289168478]
[0.2360104010288997, 0.566866416205612]
[1.9650409188070856, 1.1311290327208945]
[1.6553609902668798, 3.0309349484020434]
[0.06610224588826719, 1.482073902962124]
[-1.2930801036067692, 1.2090762798190426]
[2.750985555045827, 1.3119539644930602]
[1.3983024546109346, 0.5359238926987673]
[6.227341399787958, 1.6598507014717634]
[4.064098460871078, 0.24728264525483679]
[-3.2616254961001596, 2.2776399982633344]
[-2.773119444064256, 2.252338747827827]
[8.092047437726555, 0.46428613354068105]
[-4.714889277627248, 1.3979789023417664]
[0.6580781105861293, 0.32644901899793843]
[3.9937660857288746, 1.0368045524689165]
[-2.2191589681085815, 0.011833116663699128]
[3.129573850446492, 1.603687351863099]
[0.3297694240088508, 1.5093035985654084]
[-2.4557109186511887, 3.743053809531698]
[-0.31911594967479817, 2.765152175328185]
[2.6576061401233115, 1.0302873385678957]
[-2.9280114038626714, 1.8102493924830907]
[4.047939741647237, -0.40757033175428625]
[2.4614121925142216, 1.3717378039571273]
[3.2153198157950205, 2.272074601763755]
[1.8701828906060212, 0.4973316002458217]
[3.0433703813963087, 0.05055873803710187]
[-0.0762259859025225, -1.4572352718431825]
[-3.2238968993046475, 0.2300836088099616]
[4.431836404209375, 0.4506014768515293]
[3.7816696392991616, 0.8432997370197985]
[-2.6131261591575714, 0.6732408710001281]
[4.25411296022342, 1.9967719061164217]
[-0.01749407309960782, -0.1395414878903054]
[7.375843725487274, 3.00999485445909]
[-3.086634072070277, 2.234762815906124]
[2.599312408582561, 1.0425970798156026]
[6.961886684425319, 1.8275051923351842]
[-0.8432333589890584, 0.986981715499978]
[3.532104408570109, -1.2476688799073181]
[2.396507667536656, 0.8819723841060235]
[-0.19327735348252895, 1.3306893609131587]
[-4.655821019796484, 0.4394524128613039]
[2.976737801033237, 2.499064459259121]
[-0.3184276939589765, 0.4390275640452205]
[-0.13212381278740093, 1.1857528544785212]
[-1.362056100771769, 0.6079352959384104]
[6.49014937616333, 2.021744567418043]
[5.496113756292226, 0.8463015232330003]
[-4.413462212855773, 0.5106539538237049]
[7.0284875163421345, 0.6723581004146736]
[-1.8929010151859682, 1.1856414960240598]
[-3.559997708010278, -0.15752005580452844]
[3.2320815608026114, 0.2822080977338941]
[-0.9802181494066824, 1.318182370916386]
[-6.37361890131953, 0.3281330695775586]
[1.460787386579915, 2.278289261028786]
[1.4083639512609123, -0.4803378966490355]
[5.488808669724504, 0.8858157505752728]
[5.20358873235249, 2.1940125814126246]
[3.4121836450481187, 1.221947320517872]
[7.4440584915759205, 2.3250515759505506]
[6.098658685159698, 1.2822540684083448]
[8.338759961994977, 1.5387579483643021]
[-2.1664339612839068, 2.3403248971902446]
[2.266812399188686, 1.4402814123554397]
[5.633407421012682, 1.123554289254353]
[3.3376888935381133, 1.8620162243504415]
[7.9536104844828275, 3.6945592804975043]
[3.2686669196902707, 3.0500094770903456]
[-0.6837430659993635, -0.24399349109770463]
[-1.545597557967096, 1.7320112340775655]
[4.5755992222071935, 1.9998146469304356]
[2.195502459018334, 0.027905664351463688]
[2.394567481800091, 1.888797957500349]
[-1.2633343077292474, 1.2801168343276301]
[3.073684727160943, 0.8591846905983296]
[6.224600524291774, 1.9426005325042626]
[9.67142215771348, 0.2867991987376499]
[3.5968883264311495, 2.188002165649457]
[0.5356420680736782, 0.32927947734532037]
[7.404690777863463, -0.228746827986682]
[2.184017929273268, 0.3812476591010332]
[-4.48600260715807, 2.934099704148024]
[0.4221893979626241, 0.47573666112327795]
[-2.2827876268564786, 0.7314648473037579]
[3.678604735340201, 0.2549214134532556]
[8.140994030021975, -0.3657272797277549]
[0.14163193109097238, -0.6642318489629151]
[3.927056547475677, 0.17744511000278018]
[-3.585085606799473, -0.36588960121438374]
[-2.1795219387847107, 1.5105844859083342]
[5.723163532771287, 1.0167193725494554]
[-0.15326387109551654, 0.08126829933407997]
[3.18621452714916, 1.2994905053296741]
[2.462098216554497, 0.5850760744395871]
[-1.9112249917409208, 2.110184473675856]
[-1.2524296004975568, 2.0778090313385067]
[3.791326849376334, 0.49056436651051893]
[-4.746795383146028, 1.5784660725796678]
[2.4940937521948165, 0.6845576272030716]
[1.6171871753519003, 1.0268322417499445]
[0.8308958660299427, 1.9281700464969127]
[-3.485086107105265, -0.31686747568506535]
[-0.09916832336647086, 2.071497138983834]
[4.889766671892863, -0.2521656709544289]
[-0.04050884035316793, 0.2937338146335826]
[8.673792546995763, 1.272108048774465]
[-4.009247729185166, 2.755276619834418]
[0.009547668526968645, 1.1235517687444223]
[-1.49643429925649, 2.0230893556451326]
[-2.3326920681459526, 0.7515634121902839]
[-0.6088254489236122, 0.27142258011583265]
[12.975652029252604, 0.6073619766865516]
[2.537013786995847, 0.9457647816516186]
[-0.6911370276971764, -0.8567488165048756]
[6.948330762069484, 2.1492604424969084]
[-6.759113801890401, -1.1621520686927846]
[1.369360314991387, 0.9343561762071061]
[0.5709536500807073, -0.5162201028687559]
[6.108494972560344, 0.3323590388939617]
[5.67091312882841, 0.9355802982186836]
[-0.3458838899488763, 4.186064092063871]
[0.23752671992606367, 1.4477031414628216]
[5.588262495615492, 2.256762214893063]
[7.661242773036604, 3.3254405723699003]
[0.8789767443707942, 1.0457309673303539]
[-2.1277921075329687, -0.6354948507468996]
[-3.0542318514096234, 2.0508223538740054]
[6.083571358139381, 2.3458194164963473]
[3.626154593447592, 2.114699164543627]
[1.769956349289876, 3.2194602295249704]
[8.31239781905645, 0.3366113541587594]
[-0.7506831527701887, 1.1276370048686706]
[1.1577638717730059, 3.929541121268756]
[1.050187564827367, 2.39364604620715]
[3.499623818903983, 0.11225540711914628]
[5.178379404526929, 2.3044778687137186]
[0.4960119651042937, 2.5728321848778912]
[-6.280462516822278, 2.684021874733916]
[1.8353467623934647, 0.3911270842839466]
[-6.261523734207667, 0.511156224151621]
[4.473620671168922, -0.06398808189864669]
[6.977782748545446, 1.5964084965949594]
[1.5275088323843922, 0.4981239750427805]
[1.5146926114721926, -0.4068433907662914]
[7.103277569829818, -0.22878447340550312]
[4.444530105262737, 1.951721455732339]
[1.9222731115026295, 0.869883963489075]
[-1.6345904965870584, 0.916054584692771]
[0.05495760751832235, 1.9654587179889147]
[0.40376797082880134, 2.3844493002723053]
[-1.2291245071541739, 0.9540969848890698]
[-1.2602963543655088, 1.9443384411651146]
[-12.361478478897356, 0.5081072675511987]
[0.2870714388775494, 0.5535252019478524]
[6.068131592903087, 2.7898093978577365]
[3.367709835016005, 0.5040842976597575]
[2.2262710855786167, 0.31693278770511024]
[1.7399261482708166, -0.5918847463133325]
[-0.10465085746301561, 1.143108939225547]
[5.002726636500492, 0.19508138246917228]
[1.3326197267843254, -0.19855843503203618]
[3.702454531583547, 0.19255430486239522]
[3.985035339864374, 2.2447970219291857]
[-2.240423747364983, 1.164219498186867]
[2.467659487771256, 0.9644936459198566]
[0.2413596607494819, 1.686197561980717]
[2.0541130935593586, 1.3194921978729783]
[0.39061120271573724, -0.24542630953502687]
[7.814413623761308, -0.20905436392325916]
301 green type2----------------------------------------------------
[6.880630470013096, 7.406130065346741]
[0.039879049544593315, 6.154779213016079]
[5.093466093124409, 4.692007216287831]
[8.609560437877379, 9.439794259848947]
[12.186602876986903, 6.953924215852209]
[5.69476793442799, 8.151971013713144]
[10.805110123154112, 7.663383478906341]
[9.020753051073541, 8.782162756137486]
[4.885455947981757, 6.872876587027342]
[10.448203697315842, 9.866435607055754]
[3.8446627648287826, 8.215703140642914]
[9.142256170977735, 7.6275260970771255]
[7.8357307711797874, 6.250848348704456]
[5.364665971002841, 7.422253000263445]
[10.740066328125307, 7.568349782843562]
[5.602867792952248, 7.059920913898298]
[7.124285632365833, 6.3720797213255835]
[7.365318963064828, 6.6446821733084835]
[8.777641845542176, 7.469944079110757]
[8.500671050445494, 5.7778034322431004]
[8.685014748432597, 7.61335063392895]
[3.035214374799272, 5.899384413048982]
[9.41900989774006, 8.224169171020893]
[6.52112868770525, 6.258456280349116]
[11.683282938954271, 8.834663823640819]
[1.771331942372985, 5.9089528176741615]
[6.6770170947651275, 6.017544574975459]
[8.170670806362427, 6.729821090363136]
[8.135828977842248, 7.219009753485764]
[8.763641141803415, 9.465358037250974]
[9.458764286182515, 7.795480642184447]
[4.868474434377394, 6.608391894783742]
[6.046163394799952, 5.991012527823397]
[4.744206823644561, 6.154608028501423]
[6.149731996550161, 7.979482187803777]
[4.989144951966246, 6.844772777547095]
[7.838523893415168, 5.667571031038484]
[8.343195706652837, 5.395558884817369]
[11.124708198421482, 7.847733765849864]
[9.567584564930165, 9.061140181935635]
[7.459059124051255, 7.769622638747128]
[8.913847687778608, 7.246679652013631]
[12.813712300700121, 7.539925558900785]
[6.236222377204316, 8.200755331100144]
[5.201186496036367, 7.847711395726882]
[6.133728028333957, 5.929189627190158]
[11.118911061138016, 9.04485081349005]
[6.131972737711492, 6.562856416179502]
[2.389359494160363, 6.893029978692129]
[7.8741910326368085, 6.18089480667992]
[8.242691762436543, 7.625199762708148]
[6.658818662016445, 7.08445766757037]
[11.996843426190493, 7.358949402809653]
[6.65518921238987, 5.943952845422075]
[8.949120174729465, 7.172739293725637]
[4.6140413722345786, 5.477171360592893]
[2.1156048546944524, 6.619531932154468]
[7.459605586342177, 6.457620573638736]
[7.978302464215828, 6.28343808227696]
[5.64699696135268, 7.412537532279544]
[7.5183475738451, 6.5559437887826935]
[5.337769330064033, 6.81886431144573]
[3.826608372170045, 5.994964678496563]
[4.224196561764396, 7.251385863251118]
[3.331297749341087, 5.696429437474837]
[11.239772562904712, 8.122995538700772]
[10.332255882896812, 8.448003755537245]
[8.770438315919867, 7.434882426738591]
[8.077134804319401, 8.046813706711232]
[12.038424097853255, 8.252958815978229]
[4.229856867791761, 7.285800108923638]
[10.834393744455166, 7.736496404281891]
[0.737807122483157, 6.440489889123259]
[9.413600912699621, 7.608530414412076]
[13.118642347300876, 8.199125836658148]
[9.028810839666267, 5.495975564220414]
[3.378106719788782, 6.679961950731179]
[4.513560159356697, 5.690281926969984]
[4.500038619568497, 6.731856343836722]
[6.927891968957366, 6.736877372006966]
[7.9708762474820425, 6.6270454772384335]
[7.083982794832581, 6.600664912219214]
[3.7174113861212703, 6.892813427517234]
[10.724554354359244, 6.797241557695731]
[7.732901243972209, 7.018694945475694]
[2.463131224336089, 6.469262634877437]
[2.6771726741135016, 7.318932331649645]
[9.493107129612582, 7.258833824643437]
[7.214501587178114, 7.452646962832646]
[8.146343704387276, 6.688274419419756]
[9.391303720309091, 6.9231206253163124]
[9.791791962555676, 7.3349312866351735]
[9.22755257638579, 7.372710108197062]
[4.202173469746229, 7.235432949112043]
[8.066618014655958, 8.046226494498532]
[9.244712256176472, 6.546400830200989]
[7.027194695343766, 5.212952767381543]
[8.152831976258593, 7.499905280802411]
[6.742681977356676, 6.446901540248673]
[9.341229728742872, 7.067991130398462]
[1.2134364708044343, 5.831327380545684]
[0.10033838240137083, 7.066713299782813]
[6.2117748483406725, 7.2197627069893375]
[6.919617740735515, 7.109196751189177]
[7.828406945050047, 4.9959602925063775]
[8.630573235205569, 6.162297200934556]
[4.873314717242458, 7.454079895214504]
[8.904779648956946, 5.886878950631327]
[10.485180360741275, 8.684834333985448]
[8.987126800498965, 6.08973793104404]
[6.253917267835477, 6.186290985081918]
[7.449474163032886, 8.442179897315066]
[5.636044241947701, 7.185283419330315]
[1.039694381853229, 7.179392996078445]
[9.275583207386168, 8.14694788149057]
[11.741899082594674, 6.973620423275239]
[7.745455440841792, 5.2401251165331075]
[11.921068726575136, 6.8538932483404436]
[8.332360948962194, 8.112090666294813]
[3.8548043799810388, 7.280968829468704]
[4.7858962883852865, 5.94055598855556]
[7.506112850002349, 7.615603783023186]
[2.192683565591218, 5.919911274302428]
[6.203668442334818, 6.247030522320534]
[6.3054569488668655, 5.68225740560743]
[2.3938315524599396, 6.924844787148014]
[11.78291103386454, 7.549338806596149]
[5.655932388528404, 6.848595666152912]
[2.2720390635120076, 7.3319893027028575]
[6.680500622207993, 7.299871166518915]
[10.661844769050019, 7.67879821229361]
[9.59081266665994, 7.395029436103068]
[6.550274676539443, 7.926704952259482]
[6.1961855197766855, 7.642281301392668]
[11.249515444949083, 6.659934294980776]
[4.418734974817878, 7.42756470188277]
[3.661480530253292, 6.982140436115613]
[4.806423430989943, 6.283892040281076]
[13.752472874659256, 6.779666094542412]
[10.238916636051375, 8.044093989280013]
[7.063193490291845, 7.4846287256659325]
[7.049466407242428, 6.997128757345244]
[6.391912936507353, 6.396458556500919]
[8.784988319782505, 7.046908650292808]
[2.690635145926339, 5.964532508224831]
[3.3152241651699934, 7.464838488227032]
[4.746503589604428, 6.167693395134046]
[6.022976028705939, 5.917161314087723]
[7.073531877128783, 6.717164264989579]
[2.8421358210928984, 5.923008296614421]
[-0.2810905118321285, 6.417892049763073]
[3.523967782952168, 6.167176521229591]
[6.509267587375134, 7.205070827964518]
[4.549682304011304, 6.293048840531901]
[12.032968250932306, 7.128040002681792]
[7.797166621344319, 7.569595521882014]
[6.236967830046734, 8.136600347924812]
[7.667361543600414, 7.476259555460731]
[0.8507185028236872, 7.192559668032798]
[10.987119985973182, 6.481856025955674]
[7.82222960700794, 8.039729940685334]
[10.116558908657485, 6.830184471332065]
[8.4878757752648, 7.798897653449227]
[2.9317791878148514, 7.1303382234189785]
[5.614076453605227, 7.131604096225575]
[5.336955911778741, 7.3310920195837666]
[8.72336389973199, 6.4581116588092335]
[4.450532574572224, 7.643632666525157]
[5.346917560751933, 7.052108509955374]
[7.358012940148244, 7.648879420089557]
[8.56218916898776, 9.687701226900518]
[1.72658121748254, 6.908863663006449]
[7.005872167948904, 5.855153540513856]
[9.476585190014752, 6.586502332141668]
[10.857813260843411, 7.789374335518344]
[7.969968688614533, 7.5719110756847865]
[14.633160644586056, 7.9329980231254495]
[10.537052588027674, 9.335932141465932]
[7.872653938561487, 7.3636347149348005]
[1.04659425645979, 4.211426679731014]
[5.372224508679986, 6.014723313635656]
[2.1210626714641316, 7.427606833937498]
[2.9769060568689447, 6.503391149582325]
[8.057751254889666, 5.964619731377487]
[3.9975099338883795, 7.628176455335753]
[7.118870183039223, 6.596268931258339]
[3.8066578156194675, 5.5170537813335105]
[7.602868276545032, 5.696394654361775]
[3.424497081377369, 6.180114189756939]
[7.813931587797099, 4.543461193925296]
[6.551129071511665, 8.907845804511375]
[6.693277299839178, 7.449030669599459]
[9.213346913889428, 6.246506590276267]
[7.306991060697415, 6.764072022117939]
[3.3403041357877914, 7.63547907430802]
[6.733188609226097, 7.071239085788568]
[10.79978647399849, 6.724306310589534]
[9.303319619458076, 5.993482382996591]
[9.535241227616048, 7.952742277927651]
[6.755901150188899, 6.684722014416067]
[2.446261446351003, 6.667416616201109]
[4.544223324976092, 6.8058925661692005]
[3.2214578647762995, 5.598653870940207]
[4.306332621456946, 7.7084491503802335]
[3.2548618662083064, 4.916751652631546]
[10.03058721715219, 6.836729284630183]
[3.877972968021767, 6.9896627655319925]
[7.4373587593891575, 6.957573148859711]
[4.953128262051894, 7.895552984901102]
[9.079331652697249, 7.424756835008351]
[4.992366161208869, 8.794655187544809]
[6.490208979801656, 6.703142332693728]
[4.322542033854659, 6.756002277023826]
[6.806499475519181, 5.9350106628857455]
[7.463854419858289, 7.003460366594191]
[5.702221632104445, 8.0918768763828]
[5.132899475227285, 7.221722555581516]
[3.5268428376536782, 7.520959646033924]
[3.8044824914889332, 7.320338667416669]
[8.265736904520585, 7.4496985308976535]
[10.860522324276294, 6.935428921825492]
[3.612181603023098, 6.624453617695551]
[9.979996429080648, 6.707297565610083]
[1.2360957898111167, 7.323340477472783]
[2.3066654724477402, 6.280594719161681]
[8.047958784255774, 8.713444152192803]
[8.947602355544959, 7.38325954220379]
[6.543541181627977, 7.814418107226303]
[4.223625409603429, 6.756542836880465]
[11.515638399031035, 6.551733018968667]
[4.733170219302663, 6.785301484621255]
[7.243838188497872, 8.08288060686531]
[10.831494506680334, 7.663043299236472]
[4.373383282218393, 5.886215773776401]
[6.992956595180997, 6.707102669265261]
[8.068443383029724, 7.985747056574824]
[10.558948408427398, 5.847864149915112]
[4.474639358939857, 7.512477072176287]
[8.026222416515184, 6.056691740835565]
[7.776078625211836, 5.620640775549109]
[12.97865429873702, 6.21325505598711]
[5.1518147828758165, 6.5487039592772005]
[10.684127825810071, 6.711813212572359]
[1.677487544141404, 6.548692675300799]
[14.17040702860318, 7.073807550036147]
[6.887424796950509, 7.104883106799214]
[2.4528483136306143, 7.5064250629289795]
[7.53310646626087, 6.109296550462654]
[6.391416941714991, 7.575657023205268]
[4.453148672085901, 7.056317612493448]
[7.719685151632193, 7.630159001211783]
[8.695812417033595, 7.400382928149738]
[9.769640891063052, 6.970399700111695]
[8.8664631756167, 7.322680851756608]
[6.531692528934904, 6.605170581025861]
[13.633949320331311, 7.4891638367915965]
[10.02154784266793, 6.8469139721556616]
[12.374780144251305, 7.062998095465104]
[6.942909446221446, 6.841959737387447]
[10.221217672551806, 7.722457818235807]
[8.45658871863369, 6.3156286632822445]
[9.836041509280053, 7.446737493748167]
[16.873668720916676, 8.132299988210072]
[2.6486643972094956, 7.250612700817185]
[4.565932730700519, 8.030200485947947]
[6.346731338765624, 6.639270654373418]
[9.241361685286808, 6.8672964649545625]
[4.4370528448373445, 5.7176666195124835]
[8.496394585820056, 7.289700363127052]
[12.002953934526392, 6.810704264459947]
[8.698628630770362, 8.008630424519259]
[13.38365283481314, 8.244323253177283]
[2.4189434082178316, 7.472025377499156]
[5.130823068333815, 6.088831738348954]
[6.762402011479236, 7.304839387726829]
[9.34723058796736, 8.270708194012402]
[5.4056415486822775, 7.270897050813175]
[11.256359976739455, 7.170584559461853]
[4.429131057627224, 6.235220321142739]
[5.792547234755856, 6.523779433588937]
[12.000444523473751, 7.047623715301964]
[4.324360779712132, 7.702034840880447]
[6.569724945489523, 8.630731138797143]
[7.114841107302663, 7.055399899041824]
[7.817269307028653, 8.993351163817891]
[12.20143083022315, 8.236652305024199]
[9.30011801388935, 6.695738414425836]
[10.218627433295389, 6.845497916668274]
[7.311504956234957, 6.498329560867018]
[11.147073752930421, 6.850069260469826]
[10.593051497904, 7.553549915699276]
[5.232481888759228, 4.611483010756088]
[6.771396469409892, 7.006837487265184]
[6.94683314251221, 6.629973638266883]
[5.593286735913618, 5.762698891840472]
[1.4284052904899074, 6.89576729447261]
[6.45980113026497, 9.069195650619475]
[8.826753755029955, 7.372681427318145]
[8.104884836266733, 7.6954300973997585]
[4.329534174022427, 5.169822510375284]
[6.1385227878214295, 6.820102971634348]
84 red type3----------------------------------------------------
[13.978423526934632, 1.2008659035842941]
[17.61556335289961, 1.0292560345787705]
[15.960650810291893, 1.249654486544986]
[14.077363617581495, -0.7024072214350443]
[16.788841434200837, -0.7839948856030585]
[14.438078864297477, -0.3619662166429254]
[14.55333456443778, 0.39521833576286336]
[15.873516352483255, -0.4437020551731585]
[16.06308929518901, 1.9248883531544436]
[14.046349582262295, -0.6739784764246288]
[17.132750585978556, 1.7167853550351317]
[17.49692616097251, 1.2841432112495945]
[14.200206406506041, 0.05852677837912168]
[14.858315533556494, 0.7089972822283512]
[14.172857598831149, 0.39898484306915516]
[15.36500776481643, 1.0647959416133221]
[15.633774086812895, 1.5027675477898785]
[15.730801718351088, 1.6257538198985526]
[15.869553248514128, 2.6204986091963898]
[15.677113222434434, -1.3033678257486145]
[15.457569968768144, -2.316718211111133]
[16.728616150152746, 1.4884224736370577]
[14.701930046405465, 0.6416240485700002]
[13.956239858139664, 1.1337862571164559]
[15.45327349568044, -1.5788371760713238]
[17.44099207910337, 3.0448056698995507]
[16.399040569722768, 0.07765702688045173]
[15.700030470387775, -0.758089119888546]
[16.75792565287003, 0.28097525997250017]
[15.241287373706259, 0.31383302319515194]
[16.290728756998192, 0.6559687974089158]
[16.652175033625294, 0.4648238350251189]
[11.502244337913137, -1.9037344434848493]
[14.958508461614962, 0.539785508434681]
[12.926409835874836, -0.5426861476607125]
[14.46197427550878, 2.40412806917986]
[16.18253889854497, -1.710732595490335]
[14.805729199822823, 2.4127406618045377]
[15.73428475150221, 0.4754590564482074]
[12.765069187113031, 2.834083059786722]
[14.492154746790689, -1.043853763581279]
[15.74542632934048, 1.6555155069808365]
[15.513125333895527, 0.8197867654552601]
[12.936852475704603, 0.9306410752135705]
[12.41762381537876, 3.6984903777863862]
[18.801174236602662, 2.676217816563433]
[13.01364319907397, 0.7800626562395061]
[13.742740253504339, 0.08550231830211541]
[13.598923636328555, 0.09150261416055905]
[14.761936672344122, 1.3796538182618052]
[12.801578281946263, 0.5924857944074509]
[13.424390884865245, -1.7019180240897667]
[13.387944370959524, -1.1812509504277857]
[14.22169312138907, 1.8308973381674702]
[12.564327063675426, 0.1516256738102948]
[15.163722045144583, 0.9679736804905124]
[16.855125009103396, 2.8821039752224733]
[13.851039926953973, 0.7758836766522104]
[15.026661088156146, 1.5113252047473162]
[14.381252096163179, 0.3319941588098222]
[15.857207001437212, -0.36278758158001345]
[14.419770966319224, -0.474294493848056]
[16.324325169126915, -0.2705498039758709]
[15.516821685278083, -0.6016745751418919]
[17.541402845480217, 1.7525288902717349]
[15.209888828867046, 2.5836416011989742]
[15.323182174608222, -0.41195582228153693]
[13.929292816893563, 1.2828353251740414]
[14.13503303546815, 1.6023704326187511]
[13.409324326528626, 4.330417046021826]
[14.669944323623323, 0.24538800641318093]
[16.90476136000258, 2.3638235395280516]
[14.047790995499692, 1.360384170801364]
[13.419716506865402, -0.1424401396666959]
[14.511453277877568, -1.7319693745648141]
[18.350213504762465, 0.15845720385622197]
[16.13946165633667, 1.4597993405795178]
[15.529324563212692, -0.3855215996484853]
[13.885208041652344, -0.24359630358711248]
[16.482266571872337, -0.3827158258143759]
[14.672957119895065, 1.9029756679957335]
[14.162249088794795, -0.8272125776833312]
[15.819276504854336, 1.0522456829533562]
[12.135234034202016, 2.2285798828171286]
