first trial:
MLE1: [1.01876007 0.98904933]
[[12.08531992 -0.04832359]
 [-0.04832359  1.01288804]]
MLE2: [7.0288486  7.05575614]
[[7.98221747 0.8720449 ]
 [0.8720449  0.86706171]]
MLE3: [15.08941839  0.86550138]
[[ 2.22499548 -0.07573923]
 [-0.07573923  1.99133905]]
BE1: [1.01808403 0.98908334]
[[12.03603604  0.        ]
 [ 0.          1.00310559]]
BE2: [6.84094771 6.97010771]
[[8.02265505 3.00847409]
 [3.00847409 2.00570687]]
BE3: [15.00580166  0.86629959]
[[2.00593472 0.        ]
 [0.         2.00593472]]

second trial:
103 106 91
MLE1: [0.38660069 0.8355833 ]
[[10.13543525  0.08514129]
 [ 0.08514129  1.08507426]]
MLE2: [7.15391034 7.05843135]
[[8.26962156 1.12635166]
 [1.12635166 1.00373817]]
MLE3: [15.0745128   0.79785841]
[[1.81329737 0.02925474]
 [0.02925474 2.47100016]]
BE1: [0.45060757 0.83716423]
[[12.10434783  0.        ]
 [ 0.          1.00961538]]
BE2: [6.56964841 6.79152572]
[[8.06949525 3.02584735]
 [3.02584735 2.01780054]]
BE3: [14.7718351   0.80220554]
[[2.02150538 0.        ]
 [0.         2.02150538]]